Title: Physical and Morphological Properties of [O II] Emitting Galaxies 
       in the HETDEX Pilot Survey 
Authors: Bridge J., Gronwall C., Ciardullo R., Hagen A., Zeimann G., Malz A.I.,
         Acquaviva V., Schneider D.P., Drory N., Gebhardt K., Jogee S. 
Table: Physical Parameters
================================================================================
Byte-by-byte Description of file: apj506192t3_mrt.txt
--------------------------------------------------------------------------------
   Bytes Format Units        Label   Explanations
--------------------------------------------------------------------------------
   1-  3 I3     ---          HPS     HPS identifier
   5- 10 F6.3   [solMass]    logM    Log stellar mass
  12- 18 F7.4   [solMass/yr] logSFR  Log star formation rate
  20- 24 F5.3   mag          E(B-V)  The (B-V) color excess
  26- 30 F5.3   ---          z       Redshift (1)
--------------------------------------------------------------------------------
  1  9.566 -0.1026 0.037 0.400 
  2  9.708  0.2954 0.210 0.462 
  7  8.715  0.7933 0.243 0.385 
  8  9.966  0.2098 0.003 0.562 
  9  8.419  0.3534 0.204 0.466 
 10  8.352  0.3602 0.224 0.290 
 12 10.022 -0.1480 0.279 0.180 
 14  8.235  0.4956 0.216 0.305 
 15  8.834  0.6050 0.300 0.320 
 16  9.142 -0.3279 0.089 0.315 
 19 10.847  1.7597 0.477 0.463 
 20  9.143  0.5165 0.116 0.553 
 21  9.583  0.0955 0.185 0.462 
 23  9.389 -0.4166 0.151 0.218 
 24  8.082 -0.6146 0.088 0.232 
 26  9.438  1.5067 0.409 0.432 
 29  9.298  0.4920 0.491 0.160 
 31  8.955  0.6241 0.221 0.458 
 32  9.923  0.9834 0.515 0.462 
 33  9.742  0.2279 0.042 0.465 
 35  9.765  0.4603 0.223 0.084 
 40  9.765  0.2396 0.140 0.464 
 41  9.216 -0.0212 0.357 0.224 
 42 10.080  0.4581 0.292 0.236 
 44  8.740 -0.7672 0.089 0.119 
 45  9.839  0.3755 0.237 0.372 
 46  9.794  0.7897 0.228 0.372 
 47 10.316  0.4180 0.019 0.534 
 48 10.347  0.8519 0.046 0.523 
 49  9.964  0.6262 0.265 0.369 
 50 10.874  0.7398 0.483 0.367 
 55  9.262 -0.1000 0.132 0.412 
 56 10.074  0.2327 0.032 0.425 
 57  9.722  0.6014 0.212 0.272 
 58 11.188  0.9210 0.283 0.372 
 59 10.716  0.7997 0.447 0.371 
 60 11.784  1.6826 0.638 0.477 
 61 10.429  0.5019 0.377 0.334 
 63 10.273  0.8142 0.339 0.427 
 64  9.415  0.0023 0.155 0.273 
 65 10.963  0.8933 0.503 0.112 
 67  9.670 -0.5375 0.202 0.112 
 69 10.355  1.3832 0.460 0.523 
 80  9.420  0.2536 0.156 0.322 
 83 10.287  0.6223 0.342 0.372 
 87  9.719  0.2834 0.212 0.357 
 90  9.292  0.1162 0.136 0.279 
 94 10.217  1.2402 0.092 0.547 
 96  9.982  0.5349 0.269 0.392 
 98  9.964  0.2452 0.265 0.291 
100 10.837  0.9906 0.475 0.364 
101  9.870  0.2086 0.244 0.283 
102  8.970  0.2593 0.100 0.425 
103  9.930  0.2548 0.258 0.357 
105  7.554 -0.7358 0.088 0.109 
108 10.171  0.8305 0.314 0.371 
110 10.084  0.7354 0.293 0.412 
113  9.996  0.6083 0.273 0.412 
118  9.009 -0.8667 0.103 0.107 
119  9.519  0.0504 0.173 0.112 
120 10.700  1.1536 0.443 0.392 
121 10.001  0.1395 0.274 0.373 
123 10.287  1.4088 0.342 0.455 
125 10.284  0.3778 0.300 0.112 
128  9.840  0.4866 0.238 0.349 
129  8.753 -0.6231 0.064 0.138 
130 10.314  0.7803 0.349 0.283 
132  9.683  0.8189 0.204 0.428 
133  9.940 -0.0353 0.260 0.237 
135  8.978 -0.2832 0.100 0.292 
136  8.938 -0.1230 0.097 0.269 
137  9.115 -0.0985 0.113 0.250 
138  9.130 -0.7505 0.012 0.103 
143  8.146  0.2316 0.153 0.236 
146  9.063 -0.1065 0.145 0.308 
147  9.184  0.0144 0.121 0.217 
149  9.607 -0.0715 0.059 0.340 
151  8.944  0.8476 0.331 0.438 
152 10.220  0.8601 0.464 0.267 
155  9.116  0.1529 0.377 0.326 
156 10.289 -0.0943 0.097 0.282 
157 10.697  0.2668 0.168 0.250 
158  9.171 -0.9092 0.120 0.093 
163  8.944  0.9427 0.367 0.373 
165  8.610 -0.6756 0.088 0.219 
166  8.518  0.7353 0.358 0.373 
167  9.786  0.7831 0.443 0.344 
169  9.370  0.4107 0.274 0.262 
170  9.274  0.3035 0.426 0.282 
171  8.078 -0.1033 0.131 0.283 
173  9.057  0.5319 0.297 0.380 
175  9.587  0.4552 0.264 0.282 
176  8.909  0.7859 0.230 0.491 
177  9.124  0.0498 0.114 0.381 
178  8.279 -0.0499 0.088 0.472 
179  8.248 -0.5142 0.088 0.344 
180  7.646 -0.7116 0.088 0.379 
181  9.367  0.2399 0.177 0.275 
185  8.197 -0.7585 0.088 0.186 
186  8.784 -0.0187 0.090 0.186 
188  9.732  0.4796 0.261 0.378 
191  8.717  0.9958 0.288 0.477 
192  8.442  0.0088 0.135 0.313 
193  9.445  0.3436 0.144 0.479 
195  8.769 -0.1051 0.165 0.217 
198  9.397 -0.3804 0.029 0.265 
199  8.285  0.2163 0.318 0.208 
200  8.893  1.9219 0.840 0.562 
201  8.441  1.0854 0.312 0.504 
202  8.896  0.7516 0.268 0.428 
203  9.807 -0.2982 0.219 0.186 
204  9.614  1.3445 0.574 0.345 
206  9.205 -0.9815 0.124 0.217 
208  9.147 -0.2419 0.212 0.186 
209  8.868  0.2932 0.281 0.187 
211  8.457  0.1645 0.183 0.438 
212  8.451 -0.1239 0.088 0.479 
215 11.176  0.6090 0.548 0.222 
216  9.302  0.3477 0.205 0.280 
217  9.261  1.4568 0.410 0.438 
218  9.559  0.6580 0.295 0.360 
219 10.378  0.1640 0.205 0.123 
224  9.936  1.1195 0.474 0.502 
225  8.386  0.1454 0.420 0.124 
228  9.496  1.5646 0.640 0.476 
230  8.186  0.7722 0.275 0.427 
232  9.477  1.4703 0.438 0.381 
233  9.753  0.8961 0.313 0.312 
235 10.478 -0.0595 0.389 0.132 
237  8.028 -0.7959 0.214 0.123 
238 10.840  0.3351 0.116 0.361 
243  8.966 -0.0737 0.151 0.320 
245  8.477  0.4308 0.218 0.533 
246  8.471 -0.5475 0.088 0.301 
247  8.420  0.0465 0.406 0.185 
248 10.442  1.0642 0.380 0.372 
250  8.091 -0.0451 0.239 0.373 
252 10.116  1.7124 0.443 0.440 
254  8.795  0.4182 0.230 0.429 
255  8.500 -0.4759 0.092 0.236 
257  9.085 -0.3381 0.284 0.283 
259  9.210  0.3618 0.278 0.529 
260  8.254 -1.0227 0.146 0.106 
264  9.247  0.9021 0.445 0.358 
265  9.572  1.0830 0.482 0.249 
268  9.489  0.7545 0.401 0.280 
270  8.774  0.2787 0.209 0.525 
271  9.377  0.0482 0.385 0.219 
272  8.570  0.7370 0.319 0.471 
275  8.369 -0.2738 0.088 0.248 
276  8.271 -0.6837 0.221 0.187 
278  8.704 -0.3095 0.088 0.123 
282  9.555  0.4136 0.229 0.321 
284 10.280  0.6180 0.423 0.301 
285  9.183  0.6291 0.144 0.440 
289  9.310  0.1389 0.138 0.405 
290 10.859  1.0140 0.267 0.476 
291  9.755  0.4077 0.217 0.359 
293  8.018 -0.0468 0.082 0.353 
294  9.007  0.6688 0.165 0.372 
295  9.789  0.0775 0.358 0.195 
297  9.305  0.9534 0.418 0.263 
298  9.526  0.3786 0.365 0.360 
299  8.171 -0.3733 0.088 0.208 
300  8.429 -0.5224 0.212 0.116 
301  9.734  0.5551 0.215 0.441 
302  9.036  0.2877 0.222 0.412 
303  9.551 -0.7342 0.087 0.145 
305  9.310  0.3911 0.191 0.325 
307  9.578  1.2824 0.565 0.441 
308  8.291  0.7238 0.274 0.509 
317  8.391  0.6971 0.304 0.478 
319  9.567  1.3481 0.493 0.441 
320  8.989  2.0194 0.695 0.462 
321  9.190  0.4730 0.340 0.343 
322 10.535  0.6197 0.403 0.357 
326  9.093 -0.2515 0.196 0.122 
328  8.975  0.6952 0.278 0.471 
329 10.221  1.2063 0.326 0.510 
330  8.109 -0.6380 0.088 0.185 
331 10.694  0.7161 0.441 0.441 
332  8.619  0.6009 0.313 0.286 
333 10.013 -0.1890 0.283 0.207 
335  8.868  1.1865 0.424 0.285 
336  9.371  0.6395 0.226 0.337 
337  8.364  0.0636 0.134 0.437 
340  8.292  0.0883 0.321 0.156 
342  8.599  0.6871 0.411 0.337 
343 10.432  0.8116 0.378 0.473 
344  8.348  0.2881 0.221 0.397 
345  8.649  0.4969 0.393 0.455 
346  8.972  0.3703 0.177 0.345 
347 10.287  0.9398 0.382 0.457 
348  9.284  0.8411 0.418 0.399 
349  9.204  0.1837 0.301 0.275 
350 10.509  0.4423 0.313 0.458 
351  9.393  1.4485 0.493 0.484 
352  8.336 -0.0587 0.088 0.562 
353  8.068 -0.0356 0.350 0.230 
354  9.699  0.9844 0.367 0.557 
355  8.120  0.3154 0.200 0.253 
356  8.632  0.5054 0.101 0.529 
357  9.460  0.9898 0.452 0.457 
358  9.629  0.3217 0.287 0.438 
359  9.340  1.0260 0.327 0.457 
361  9.303  0.5668 0.138 0.528 
363  9.050 -0.0808 0.264 0.136 
368  9.033  0.4690 0.187 0.459 
375  8.812  0.5145 0.386 0.079 
380  9.027  1.5097 0.484 0.459 
381  9.064  0.8063 0.484 0.483 
382  8.992  0.2992 0.314 0.462 
386  8.454 -0.0541 0.275 0.089 
388  9.458  0.8503 0.429 0.433 
390  9.106  0.7795 0.317 0.533 
392  9.514  1.3265 0.498 0.454 
393  8.892  0.9393 0.375 0.550 
394  8.170  0.6886 0.582 0.201 
396  9.466  1.1354 0.157 0.556 
397  8.979 -0.0766 0.101 0.440 
398  8.811 -0.4902 0.065 0.455 
399  8.563  0.3659 0.373 0.321 
404  9.140  0.7153 0.330 0.321 
405  8.686  0.1679 0.182 0.423 
406  8.966  0.5266 0.270 0.534 
413  8.192  0.4081 0.249 0.139 
414  8.437 -0.2653 0.088 0.458 
416  9.192  0.6361 0.122 0.475 
417  8.612  1.1184 0.433 0.475 
418  9.745  0.4997 0.458 0.475 
421  9.167  1.1987 0.466 0.474 
422  8.896  1.0743 0.424 0.474 
423  8.623  0.0496 0.154 0.321 
424 10.288  1.3551 0.666 0.410 
425  8.921  0.6003 0.301 0.201 
427  8.803  0.1493 0.129 0.518 
431  9.237  0.2647 0.250 0.358 
432  8.103  0.1657 0.197 0.320 
433  8.681 -0.2988 0.088 0.401 
435 10.123 -0.1116 0.256 0.254 
438  8.429 -0.8409 0.173 0.105 
439  8.678  1.2872 0.628 0.546 
440  9.019  0.0631 0.140 0.562 
441  9.207  1.1272 0.338 0.474 
442  8.696 -0.0857 0.088 0.320 
443  9.095  0.2826 0.237 0.320 
444  9.073  0.0375 0.135 0.511 
449  8.655 -0.6020 0.200 0.089 
450  9.105 -0.1851 0.015 0.515 
451  9.963  0.3014 0.265 0.423 
452  8.987  0.6471 0.421 0.410 
454  8.402  0.2571 0.093 0.511 
458  9.558  0.3227 0.323 0.136 
459  7.896  0.0967 0.114 0.322 
460  9.088  0.7113 0.285 0.475 
463  9.245  0.7640 0.300 0.410 
465  8.049  0.2817 0.236 0.387 
468  8.814  0.6725 0.231 0.557 
469 10.267  1.1444 0.287 0.423 
470  9.608  1.2423 0.434 0.562 
471  9.784  1.2690 0.546 0.411 
472  9.078 -0.0040 0.273 0.483 
473  9.294 -0.0590 0.136 0.475 
475  9.091  0.0581 0.176 0.410 
476  8.637  0.5452 0.283 0.412 
477  9.860  0.8357 0.304 0.299 
479 10.464  0.0966 0.025 0.523 